%YAML:1.0
cvHOGClassifier: !!opencv-object-detector-hog
   winSize: [ 48, 48 ]
   blockSize: [ 16, 16 ]
   blockStride: [ 8, 8 ]
   cellSize: [ 8, 8 ]
   nbins: 9
   derivAperture: 1
   winSigma: 4.
   histogramNormType: 0
   L2HysThreshold: 2.0000000000000001e-001
   gammaCorrection: 1
   nlevels: 64
   SVMDetector: [ 9.86330491e-003, -3.54888290e-002, -2.19858997e-003,
       1.17386533e-002, -4.20668609e-002, -7.82669988e-003,
       -1.22536998e-002, -4.33630422e-002, -1.04484186e-002,
       4.41724695e-002, -3.30335414e-003, 1.44300442e-002,
       1.56131340e-002, -7.13377669e-002, -1.11748120e-002,
       -1.23888599e-002, -5.21671996e-002, 2.70696953e-002,
       5.59394844e-002, 8.05056770e-005, 1.10764697e-003,
       2.57288571e-002, 1.18550742e-002, -2.15177611e-003,
       -9.31967609e-003, -1.24675343e-002, 3.64229530e-002,
       7.64433295e-002, 1.68472603e-002, 2.17305552e-002,
       3.76533419e-002, -1.31546631e-002, 5.23717748e-003,
       -3.75211984e-003, -7.38381268e-003, 6.01671524e-002,
       4.10591178e-002, -2.25088373e-002, -9.57539491e-003,
       -1.86808594e-003, -9.89171192e-002, -2.71856599e-002,
       -1.77450962e-002, -3.66966426e-002, 3.67038399e-002,
       3.25781479e-002, -5.35049625e-002, -6.49799220e-003,
       -3.25278612e-003, -1.17639285e-002, 2.40873452e-003,
       -1.87512971e-002, -3.41114253e-002, 3.39730233e-002,
       7.55628571e-002, -2.54071821e-002, 8.20271391e-003,
       1.84897091e-002, -3.99253815e-002, -2.27603558e-002,
       -2.06627743e-003, -8.44245404e-003, 7.62844309e-002,
       7.60865137e-002, -4.18352634e-002, -1.81461917e-003,
       3.17693651e-002, -1.97178495e-004, -4.48291423e-004,
       -1.42275039e-002, -1.18812714e-002, 8.58120993e-002,
       4.80089597e-002, -7.01318681e-002, -2.92821899e-002,
       -1.82203017e-002, -2.99314130e-002, -1.31797744e-002,
       -5.70848733e-002, -5.79276122e-002, 4.83768471e-002,
       5.04679121e-002, -7.56632611e-002, -5.64284250e-002,
       -3.62365544e-002, -4.27140705e-002, -2.79196855e-002,
       -7.14437142e-002, -7.53156096e-002, 5.99847473e-002,
       9.38364640e-002, -5.18740863e-002, -2.07703803e-002,
       1.41749624e-002, -8.84290319e-003, -5.62380813e-003,
       -5.07977195e-002, -3.68377045e-002, 9.57622007e-002,
       9.10346285e-002, -5.43394685e-002, -3.54370177e-002,
       -9.77041759e-003, 7.20313797e-003, -3.40827135e-003,
       -3.68902087e-002, -3.33974399e-002, 9.87980291e-002,
       7.79465139e-002, -6.32961690e-002, -5.73017672e-002,
       -3.54132801e-002, -5.70663959e-002, -2.88835336e-002,
       -4.28055637e-002, -5.05784228e-002, 8.61607119e-002,
       8.11953321e-002, -4.13810238e-002, -5.17570488e-002,
       -3.47180888e-002, -5.02124429e-002, -4.49984670e-002,
       -4.18031812e-002, -4.54195812e-002, 9.20760036e-002,
       1.00833528e-001, -5.22064045e-002, -5.46296127e-002,
       -1.44406799e-002, -1.83061268e-002, -2.74680555e-004,
       -1.38728973e-002, -2.27996409e-002, 1.14640839e-001,
       9.82734188e-002, -3.49542238e-002, -6.74291104e-002,
       -3.02555319e-002, -2.39905939e-002, -2.84512737e-003,
       -1.60780400e-002, -1.58397499e-002, 1.10024430e-001,
       6.52067438e-002, -4.37168889e-002, -5.47104068e-002,
       -1.69194285e-002, -7.85516296e-003, -2.38757487e-002,
       -4.86364178e-002, -4.59138714e-002, 6.53655082e-002,
       3.72457393e-002, -5.17615564e-002, -4.66000140e-002,
       -4.44396734e-002, 1.44619276e-004, -4.08775732e-002,
       -6.38591498e-002, -5.15753999e-002, 5.01508415e-002,
       9.75080580e-002, -2.70094164e-002, -6.64241388e-002,
       -2.04031710e-002, 4.21745470e-003, 9.34777968e-003,
       -1.63503475e-002, -1.59437026e-004, 1.02023832e-001,
       5.59245199e-002, -4.38224971e-002, -5.82875647e-002,
       -2.14135032e-002, 3.24690342e-002, -1.35844648e-002,
       -4.92453538e-002, -1.75477155e-002, 6.00832477e-002,
       1.70730194e-003, -1.35344947e-002, -2.08249781e-002,
       1.32485414e-002, 5.02120741e-002, -1.71750076e-002,
       -2.33213548e-002, -2.33914983e-002, 6.36941334e-003,
       2.16063671e-002, -2.22050622e-002, -2.09296308e-002,
       2.56205932e-003, -7.78684113e-003, -3.40493955e-003,
       -2.26722956e-002, -4.00378788e-003, 2.65363716e-002,
       -7.19587877e-003, -1.66852344e-002, -1.74756330e-002,
       1.02556869e-002, 7.26824328e-002, -1.49519043e-002,
       -1.06041245e-002, -1.46077592e-002, -1.75636671e-002,
       1.55813564e-002, -2.63902154e-002, -2.42589395e-002,
       1.63267122e-003, 2.68837810e-003, -8.64951964e-003,
       -5.52982697e-003, -5.87427896e-003, 2.54004076e-002,
       2.47475524e-002, -3.67414244e-002, 4.58541443e-004,
       2.06202846e-002, -5.07263048e-003, 9.39064566e-003,
       -5.33991167e-003, -1.11639742e-002, 4.62428853e-002,
       3.29275355e-002, -3.44137363e-002, -6.55956799e-003,
       4.78192717e-002, -1.87529519e-003, -5.57839125e-003,
       -1.99159477e-002, -2.72107944e-002, 3.10912766e-002,
       2.36264169e-002, -3.63025069e-002, -2.59367842e-002,
       1.31627629e-002, -8.13477021e-003, 2.79076416e-002,
       -9.76540428e-003, -7.69972242e-003, 2.07726154e-002,
       1.78320948e-002, -3.22775766e-002, -2.71815155e-002,
       3.45279723e-002, 6.57913228e-003, 1.34691913e-002,
       -2.50757812e-003, -1.09532150e-003, 1.81343816e-002,
       5.05709238e-002, -3.83035205e-002, -1.07603688e-002,
       4.39510308e-002, 1.23832030e-002, 8.63827486e-003,
       -2.66752280e-002, -3.14117223e-002, 4.99522537e-002,
       4.03114371e-002, -4.56645824e-002, -1.78608373e-002,
       3.32945548e-002, 8.24313052e-003, 2.51760483e-002,
       -2.53777974e-003, -2.05001216e-002, 6.32543638e-002,
       3.75658982e-002, -3.19112130e-002, -2.09918153e-002,
       1.64158735e-002, -1.69760995e-002, 1.94564760e-002,
       -3.07211792e-003, -1.92249790e-002, 4.02663946e-002,
       1.83052868e-002, -4.53115739e-002, -1.84018668e-002,
       3.18214111e-002, 1.51221650e-002, 5.17182238e-002,
       -3.70161934e-003, -5.25424108e-002, 3.21156755e-002,
       6.91137835e-002, -4.99711968e-002, -4.11003157e-002,
       1.95985362e-002, -9.56284441e-003, 6.61706273e-003,
       -1.18683716e-002, -4.02611829e-002, 7.27183372e-002,
       6.56263605e-002, -5.52366078e-002, -6.05672896e-002,
       2.04021693e-003, -4.88860253e-003, 1.13101089e-002,
       -2.49690022e-002, -4.26406190e-002, 6.10645562e-002,
       2.82462854e-002, -5.49036749e-002, -5.40284589e-002,
       1.53614860e-002, -1.07533876e-002, 2.19439715e-002,
       -1.07315918e-002, -5.53173013e-002, 2.70814802e-002,
       2.83058602e-002, -6.50795922e-002, -7.14819953e-002,
       1.37882372e-002, -2.21827347e-002, -7.88820721e-003,
       -2.58869864e-002, -3.35619301e-002, 2.86127888e-002,
       5.50872311e-002, -4.07265536e-002, -5.43966442e-002,
       6.05170717e-005, -9.85121354e-003, 1.44485608e-002,
       -1.75720416e-002, -2.33159196e-002, 5.58183491e-002,
       3.04761268e-002, -5.73097803e-002, -5.51093854e-002,
       2.32470687e-003, 4.41315658e-002, -1.02976877e-002,
       -4.07969952e-002, -2.86474638e-002, 1.92427896e-002,
       2.25135684e-002, -5.83410896e-002, -6.80076554e-002,
       1.34968515e-002, -2.83721481e-002, 1.91005822e-002,
       -3.08499727e-002, -2.77320351e-002, 3.84705737e-002,
       2.02423204e-002, -5.78535683e-002, -6.17440715e-002,
       2.65191379e-003, 1.10783102e-002, 6.18000655e-003,
       -3.33441570e-002, -4.15513068e-002, 1.56573218e-003,
       -3.18108359e-003, -2.83396244e-002, -3.21907848e-002,
       8.37287400e-003, 7.74473920e-002, -1.54137406e-002,
       -1.99507717e-002, -2.25875191e-002, -8.59313644e-003,
       2.07361821e-002, -2.93692276e-002, -3.70042436e-002,
       1.17132429e-003, 1.63324866e-002, 1.21583771e-002,
       4.47749300e-003, -1.43329147e-002, 3.02663501e-002,
       -1.66469496e-002, -2.99138781e-002, -3.32757272e-002,
       2.49123573e-002, 5.04028238e-002, 5.66958077e-003,
