%YAML:1.0
cvHOGClassifier: !!opencv-object-detector-hog
   winSize: [ 96, 96 ]
   blockSize: [ 16, 16 ]
   blockStride: [ 8, 8 ]
   cellSize: [ 8, 8 ]
   nbins: 9
   derivAperture: 1
   winSigma: 4.
   histogramNormType: 0
   L2HysThreshold: 2.0000000000000001e-001
   gammaCorrection: 1
   nlevels: 64
   SVMDetector: [ -1.44999111e-002, -8.29464989e-005, 2.69488757e-003,
       4.35933657e-003, 2.35514212e-002, 5.53187728e-003,
       5.40755689e-004, -5.77748008e-003, -1.33453319e-002,
       -1.22803552e-002, -2.34736086e-004, 4.72368812e-003,
       1.50444475e-003, -7.26820296e-003, 5.19770291e-003,
       7.75766978e-003, 4.81906906e-003, -1.05602033e-002,
       1.16434041e-003, 2.57893000e-003, 2.93074059e-003,
       1.20968251e-002, 2.33350173e-002, 7.91888125e-003,
       -3.11533362e-003, -1.36703183e-003, -1.13332608e-004,
       -6.30129874e-003, -3.19632614e-004, 3.07335961e-003,
       4.75306204e-003, -1.07370634e-002, -6.20959501e-004,
       -1.89449987e-003, 7.06857163e-003, 5.59164537e-003,
       -1.65047422e-002, 1.02899445e-003, 3.22817639e-003,
       3.67340492e-003, 6.79369969e-003, 8.70320201e-003,
       4.57911007e-003, 2.73693679e-003, -5.83930919e-003,
       -9.73490160e-003, 5.69179701e-003, 1.61033706e-003,
       -7.00313691e-003, -1.68516883e-003, -2.53662141e-003,
       7.49213947e-003, -1.37536437e-003, -1.04677752e-002,
       -1.10626745e-003, 6.42603403e-003, 1.05536208e-002,
       5.05184149e-003, 1.66900214e-002, 3.48307937e-003,
       3.71062104e-003, 5.80538530e-003, 5.18085063e-003,
       -6.94357965e-004, 6.35351148e-003, 1.79048274e-002,
       -3.03885294e-003, 1.38471471e-002, -1.27089862e-002,
       3.77799827e-003, 9.67958127e-004, -2.95959832e-003,
       -2.14162003e-003, 6.70547783e-003, 3.53535614e-003,
       -5.16312942e-003, -7.02518644e-003, -3.96940252e-003,
       4.04996984e-003, -2.34071235e-003, -1.23832505e-002,
       -1.41387584e-003, 7.96039216e-003, 4.60910349e-004,
       -3.47873894e-003, 6.04750589e-003, 9.85357474e-005,
       8.94108694e-003, 8.54694005e-003, -1.07788853e-002,
       8.34907230e-004, -5.24287438e-003, 7.79447099e-003,
       1.57539011e-003, 1.36985676e-002, -1.85881816e-002,
       -4.29237867e-003, -6.89529162e-003, -3.34547576e-003,
       -2.49562203e-003, -8.63013230e-003, -6.38282578e-003,
       8.13044258e-004, 4.24935063e-003, -1.07602347e-002,
       -6.52236212e-003, -5.38416719e-003, -6.91408338e-003,
       -2.20949319e-003, 6.74403319e-003, 1.73168432e-003,
       -1.06962388e-002, 2.68321554e-003, -5.78577491e-003,
       5.42335853e-004, 4.29328624e-003, -4.31784568e-003,
       -2.37707584e-003, 6.02660608e-003, 7.85879791e-003,
       9.20735486e-003, 2.54527498e-002, 3.81488423e-003,
       6.97412202e-003, 3.17382510e-003, -7.40146358e-003,
       4.97779064e-003, -5.98207396e-003, -4.78626462e-003,
       -8.97233002e-003, 1.76535593e-003, -1.31027754e-002,
       -4.99282498e-003, -6.40533864e-003, -7.12391268e-003,
       -1.24334767e-002, -3.73572228e-003, 7.42726680e-003,
       6.92566438e-003, 1.76159702e-002, -1.77370489e-003,
       1.86915323e-003, -6.15613954e-003, -8.77473690e-003,
       -1.83847453e-002, 6.43177191e-004, 6.87159458e-003,
       1.41313514e-002, 1.95528083e-002, 3.69154708e-003,
       8.61522183e-003, 6.49916939e-003, -1.47396401e-002,
       -9.33919009e-003, 4.33236826e-003, 5.01312967e-003,
       9.49832797e-003, 1.77445486e-002, -2.86081922e-003,
       3.84705327e-003, -7.86002056e-005, -1.17640356e-002,
       -2.43445598e-002, -2.71449797e-003, 6.12569973e-003,
       5.59921004e-003, 8.86478368e-003, 4.24997881e-003,
       4.19419305e-003, -8.75918602e-004, -1.47513403e-002,
       -8.63224640e-003, 9.69802844e-004, 2.02953443e-003,
       1.37907593e-002, 1.98800415e-002, 8.36107694e-003,
       8.63488764e-003, 3.50369234e-003, -6.39306707e-003,
       -6.08870946e-003, 5.69601217e-003, 8.20903294e-003,
       7.04431767e-003, 7.87447020e-003, 2.12843274e-003,
       6.21429225e-003, 3.98958327e-005, -6.70123892e-003,
       -7.17200432e-003, -6.67357643e-004, -1.36286253e-003,
       -1.13842236e-002, 8.85693729e-003, 1.20158400e-003,
       9.00882017e-003, 8.46315920e-003, -8.38902686e-003,
       -6.46902528e-003, 2.40010209e-003, 4.90907347e-003,
       1.43549200e-002, 1.78370904e-002, 1.26622838e-003,
       4.42727748e-003, 2.64130230e-003, -6.40367111e-003,
       -1.15257753e-002, -5.93938865e-003, -4.09152452e-003,
       -7.51035195e-003, 1.97750349e-002, -5.10602677e-003,
       -1.50319363e-003, 5.79411816e-003, -1.13376807e-002,
       1.61473174e-003, -1.93709217e-004, -3.46448785e-003,
       -2.20120489e-003, -5.58513217e-003, -6.72593853e-003,
       8.45658034e-003, 1.33777531e-002, -8.60310218e-004,
       6.27090037e-003, 1.77150988e-003, -9.03868955e-003,
       -6.66816672e-003, -9.15073138e-003, -2.28221342e-003,
       8.05086456e-003, 1.26192328e-002, 2.14526313e-003,
       2.02348834e-004, 4.44305973e-004, -1.50556653e-003,
       -3.22740828e-003, 5.54598961e-003, -3.10383528e-003,
       4.16310225e-003, 4.33669658e-003, -5.69234689e-005,
       1.24960365e-002, 4.32666391e-003, -5.45645505e-003,
       -4.51919017e-003, 1.04049139e-003, -2.95218197e-003,
       3.76925152e-003, 5.37085696e-004, 8.81308503e-003,
       6.83465414e-003, 5.36193000e-003, -6.32991642e-003,
       -1.01024751e-002, 5.37242275e-003, -1.82774081e-003,
       9.59943328e-003, 8.06552544e-003, -2.21957729e-004,
       9.19152144e-003, 1.10493470e-002, -2.47825705e-003,
       -1.02095287e-002, -2.01280937e-002, -4.10581846e-003,
       1.00539699e-002, 8.78147315e-003, 3.76233086e-003,
       1.35064116e-002, 3.96719854e-003, -7.06016459e-003,
       -9.28177964e-003, 1.22486223e-002, -2.54942314e-003,
       9.48233996e-003, 1.44975132e-003, 6.95577078e-003,
       1.68553013e-002, 9.39076953e-003, 4.83290059e-003,
       -1.67375300e-002, -1.17578926e-002, -4.38231789e-003,
       1.49534177e-002, 8.03201552e-003, 1.08610084e-002,
       -4.57687117e-003, 5.70113352e-003, -3.49386683e-004,
       -8.97806603e-003, -2.28187721e-002, -8.66877660e-003,
       6.72001019e-003, 5.61837666e-003, -6.49349811e-003,
       8.50068987e-004, 1.98083697e-003, 7.63960229e-003,
       -4.64721088e-004, 1.44530842e-002, -4.25493391e-003,
       1.28287040e-002, 9.38796345e-003, -2.67182919e-003,
       -1.71096425e-003, 7.02860812e-003, 4.54240572e-003,
       -9.79468599e-003, -8.16622376e-003, -8.73224903e-003,
       3.94612271e-003, 4.89587756e-003, 2.81192968e-003,
       -2.32765521e-003, 4.75721341e-003, 1.30416760e-002,
       3.85272503e-003, 2.75496878e-002, 1.08488905e-003,
       1.48567809e-002, 3.77745461e-003, -1.43085537e-003,
       -7.64667476e-003, -5.94604411e-004, 1.00403931e-003,
       -9.15194675e-003, -2.65818927e-002, -9.22646374e-003,
       5.90484263e-003, 3.45094898e-003, -1.25308596e-002,
       -3.56302226e-005, 5.00629004e-003, 9.48937435e-004,
       8.78171064e-003, 2.23683063e-002, 5.09605277e-003,
       4.91810171e-003, 2.52205390e-003, -2.88766902e-003,
       6.84718089e-003, 3.87926237e-003, 3.30476719e-003,
       -1.32389851e-002, -1.62257254e-002, -1.02038914e-002,
       3.08509218e-003, 6.31827046e-004, 2.14506243e-003,
       3.39587661e-003, 6.72625797e-003, 5.57540404e-003,
       1.35415681e-002, 2.57393010e-002, 1.16904906e-003,
       -7.23241596e-003, -7.20274402e-005, 3.75613454e-004,
       -7.11858738e-003, -3.73061490e-003, -8.02281406e-003,
       -1.54505465e-002, -1.14452979e-002, -3.27857584e-002,
       -1.23078320e-002, -9.18272417e-003, -1.12242289e-002,
       -2.60273344e-003, -5.66433941e-004, -4.27974621e-003,
       7.63656432e-003, 4.26411442e-002, -3.26611847e-003,
       1.22223821e-004, 1.21740240e-003, -5.08829812e-003,
       -1.26065798e-002, -7.64354318e-003, -1.33873271e-002,
       -1.34513453e-002, -4.93323058e-003, -3.77462953e-002,
       -2.14529634e-002, -1.74237136e-002, -1.75385736e-002,
